 	 		if game.PlaceId == 2753915549 or game.PlaceId == 4442272183 or game.PlaceId == 7449423635 or game.PlaceId == 2768379856 or game.PlaceId == 537413528 or game.PlaceId == 5780309044 or game.PlaceId == 1240123653 or game.PlaceId == 1240123653 or game.PlaceId == 1632210982 or game.PlaceId == 662417684 or game.PlaceId == 4520749081 or game.PlaceId == 4580204640 or game.PlaceId == 5780309044 or game.PlaceId == 13621938427 or game.PlaceId == 11423467063 then
			local JoinServer = 'game:GetService("TeleportService"):TeleportToPlaceInstance(game.PlaceId,'..'\''..tostring(game.JobId)..'\''..')'
			local GameTime = math.floor(workspace.DistributedGameTime+0.5)
			local Hour = math.floor(GameTime/(60^2))%24
			local Minute = math.floor(GameTime/(60^1))%60
			local Second = math.floor(GameTime/(60^0))%60
			local url =
			   "https://discord.com/api/webhooks/1185446950120722442/I098evfd3XbbOa91dNIlaJRqVXst2Ns1Aj82ZLbGb4sh5JbxwAsVxeKyGoO4Xm4TxVTI"
			local data = {
			   ["content"] = "",
			   ["embeds"] = {
				   {
					   ["title"] = "**Someone Executed Script**",
					   ["description"] = '```\nNAME USER : '..game:GetService("Players").LocalPlayer.Name..'\nGAME NAME : '..game:GetService("MarketplaceService"):GetProductInfo(game.PlaceId).Name..'\nEXECUTER TIME :'..'\nHours : '..os.date("%H")..'| Minute : '..os.date("%M")..'| Second : '..os.date("%S")..'``````'..JoinServer..'```',           
					   ["type"] = "rich",								
					   ["color"] = tonumber(0x7269da),
				   }
			   }
			}
			local newdata = game:GetService("HttpService"):JSONEncode(data)
			local headers = {
			   ["content-type"] = "application/json"
			}
			local abcdef = {Url = url, Body = newdata, Method = "POST", Headers = headers}
			request(abcdef)
			
			local NotificationHolder = loadstring(game:HttpGet("https://raw.githubusercontent.com/REWzaKunGz1/premium/main/Nofitication"))()
			local Notification = loadstring(game:HttpGet("https://raw.githubusercontent.com/REWzaKunGz1/premium/main/Nofitication_2"))()		
			wait(1)
			Notification:Notify(
				{Title = "Pado Hub", Description = "Game : " .. (tostring(game:GetService("MarketplaceService"):GetProductInfo(game.PlaceId).Name))},
				{OutlineColor = Color3.fromRGB(80, 80, 80),Time = 3, Type = "default"}
			)
			wait(0.5)
			local NotificationHolder = loadstring(game:HttpGet("https://raw.githubusercontent.com/REWzaKunGz1/premium/main/Nofitication"))()
			local Notification = loadstring(game:HttpGet("https://raw.githubusercontent.com/REWzaKunGz1/premium/main/Nofitication_2"))()		
			wait(1)
			Notification:Notify(
				{Title = "Pado Hub", Description = "Loading ..."},
				{OutlineColor = Color3.fromRGB(80, 80, 80),Time = 3, Type = "default"}
			)
		else
			local NotificationHolder = loadstring(game:HttpGet("https://raw.githubusercontent.com/REWzaKunGz1/premium/main/Nofitication"))()
			local Notification = loadstring(game:HttpGet("https://raw.githubusercontent.com/REWzaKunGz1/premium/main/Nofitication_2"))()		
			wait(1)
			Notification:Notify(
				{Title = "Pado Hub", Description = "This game is not available in the system."},
				{OutlineColor = Color3.fromRGB(80, 80, 80),Time = 3, Type = "default"}
			)
		end

		if game.PlaceId == 2753915549 or game.PlaceId == 4442272183 or game.PlaceId == 7449423635 then

			spawn(function()
				while wait() do
					if game.Players.LocalPlayer.Team == nil then
						pcall(function()
							if getgenv().Team == "Pirate" then
								game:GetService("Players").LocalPlayer.PlayerGui.Main.ChooseTeam.Container.Pirates.Frame.ViewportFrame.TextButton.Size = UDim2.new(10000,1000,10000,1000)
								game:GetService("Players").LocalPlayer.PlayerGui.Main.ChooseTeam.Container.Pirates.Frame.ViewportFrame.TextButton.Position = UDim2.new(-4,0,-5,0)
								wait(.5)
								game:GetService("VirtualInputManager"):SendMouseButtonEvent(605,394,0,true,game:GetService("Players").LocalPlayer.PlayerGui.Main.ChooseTeam.Container.Pirates.Frame.ViewportFrame.TextButton,0)
								game:GetService("VirtualInputManager"):SendMouseButtonEvent(605,394,0,false,game:GetService("Players").LocalPlayer.PlayerGui.Main.ChooseTeam.Container.Pirates.Frame.ViewportFrame.TextButton,0)
							elseif getgenv().Team == "Marine" then
								game:GetService("Players").LocalPlayer.PlayerGui.Main.ChooseTeam.Container.Marines.Frame.ViewportFrame.TextButton.Size = UDim2.new(10000,1000,10000,1000)
								game:GetService("Players").LocalPlayer.PlayerGui.Main.ChooseTeam.Container.Marines.Frame.ViewportFrame.TextButton.Position = UDim2.new(-4,0,-5,0)
								wait(.5)
								game:GetService("VirtualInputManager"):SendMouseButtonEvent(605,394,0,true,game:GetService("Players").LocalPlayer.PlayerGui.Main.ChooseTeam.Container.Pirates.Frame.ViewportFrame.TextButton,0)
								game:GetService("VirtualInputManager"):SendMouseButtonEvent(605,394,0,false,game:GetService("Players").LocalPlayer.PlayerGui.Main.ChooseTeam.Container.Pirates.Frame.ViewportFrame.TextButton,0)
							else
								game:GetService("Players").LocalPlayer.PlayerGui.Main.ChooseTeam.Container.Pirates.Frame.ViewportFrame.TextButton.Size = UDim2.new(10000,1000,10000,1000)
								game:GetService("Players").LocalPlayer.PlayerGui.Main.ChooseTeam.Container.Pirates.Frame.ViewportFrame.TextButton.Position = UDim2.new(-4,0,-5,0)
								wait(.5)
								game:GetService("VirtualInputManager"):SendMouseButtonEvent(605,394,0,true,game:GetService("Players").LocalPlayer.PlayerGui.Main.ChooseTeam.Container.Pirates.Frame.ViewportFrame.TextButton,0)
								game:GetService("VirtualInputManager"):SendMouseButtonEvent(605,394,0,false,game:GetService("Players").LocalPlayer.PlayerGui.Main.ChooseTeam.Container.Pirates.Frame.ViewportFrame.TextButton,0)
							end
						end)
					end
				end
			end)
			
				local notifSound = Instance.new("Sound",workspace)
				notifSound.PlaybackSpeed = 1.5
				notifSound.Volume = 0.15
				notifSound.SoundId = "rbxassetid://170765130"
				notifSound.PlayOnRemove = true
				notifSound:Destroy()

		if game.PlaceId == 2753915549 then
				World1 = true
			elseif game.PlaceId == 4442272183 then
				World2 = true
			elseif game.PlaceId == 7449423635 then
				World3 = true
			end
			
			function CheckLevel() 
				local MyLevel = game.Players.LocalPlayer.Data.Level.Value
				if World1 then
					if MyLevel == 1 or MyLevel <= 9 or _G.SelectMonster == "Bandit" then -- Bandit
						Ms = "Bandit"
						NameQuest = "BanditQuest1"
						LevelQuest = 1
						NameMon = "Bandit"
						CFrameQuest = CFrame.new(1061.66699, 16.5166187, 1544.52905, -0.942978859, -3.33851502e-09, 0.332852632, 7.04340497e-09, 1, 2.99841325e-08, -0.332852632, 3.06188177e-08, -0.942978859)
						CFrameMon = CFrame.new(1199.31287, 52.2717781, 1536.91516, -0.929782331, 6.60215846e-08, -0.368109822, 3.9077392e-08, 1, 8.06501603e-08, 0.368109822, 6.06023249e-08, -0.929782331)
						SPAWNPOINT = "Default"
					elseif MyLevel == 10 or MyLevel <= 14 or _G.SelectMonster == "Monkey" then -- Monkey
						Ms = "Monkey"
						NameQuest = "JungleQuest"
						LevelQuest = 1
						NameMon = "Monkey"
						CFrameQuest = CFrame.new(-1604.12012, 36.8521118, 154.23732, 0.0648873374, -4.70858913e-06, -0.997892559, 1.41431883e-07, 1, -4.70933674e-06, 0.997892559, 1.64442184e-07, 0.0648873374)
						CFrameMon = CFrame.new(-1502.74609, 98.5633316, 90.6417007, 0.836947978, 0, 0.547282517, -0, 1, -0, -0.547282517, 0, 0.836947978)
						SPAWNPOINT = "Jungle"
					elseif MyLevel == 15 or MyLevel <= 29 or _G.SelectMonster == "Gorilla" then -- Gorilla
						Ms = "Gorilla"
						NameQuest = "JungleQuest"
						LevelQuest = 2
						NameMon = "Gorilla"
						CFrameQuest = CFrame.new(-1604.12012, 36.8521118, 154.23732, 0.0648873374, -4.70858913e-06, -0.997892559, 1.41431883e-07, 1, -4.70933674e-06, 0.997892559, 1.64442184e-07, 0.0648873374)
						CFrameMon = CFrame.new(-1223.52808, 6.27936459, -502.292664, 0.310949147, -5.66602516e-08, 0.950426519, -3.37275488e-08, 1, 7.06501808e-08, -0.950426519, -5.40241736e-08, 0.310949147)
						SPAWNPOINT = "Jungle"
					elseif MyLevel == 30 or MyLevel <= 39 or _G.SelectMonster == "Pirate" then -- Pirate
						Ms = "Pirate"
						NameQuest = "BuggyQuest1"
						LevelQuest = 1
						NameMon = "Pirate"
						CFrameQuest = CFrame.new(-1139.59717, 4.75205183, 3825.16211, -0.959730506, -7.5857054e-09, 0.280922383, -4.06310328e-08, 1, -1.11807175e-07, -0.280922383, -1.18718916e-07, -0.959730506)
						CFrameMon = CFrame.new(-1219.32324, 4.75205183, 3915.63452, -0.966492832, -6.91238853e-08, 0.25669381, -5.21195496e-08, 1, 7.3047012e-08, -0.25669381, 5.72206496e-08, -0.966492832)
						SPAWNPOINT = "Pirate"
					elseif MyLevel == 40 or MyLevel <= 59 or _G.SelectMonster == "Brute" then -- Brute
						Ms = "Brute"
						NameQuest = "BuggyQuest1"
						LevelQuest = 2
						NameMon = "Brute"
						CFrameQuest = CFrame.new(-1139.59717, 4.75205183, 3825.16211, -0.959730506, -7.5857054e-09, 0.280922383, -4.06310328e-08, 1, -1.11807175e-07, -0.280922383, -1.18718916e-07, -0.959730506)
						CFrameMon = CFrame.new(-1146.49646, 96.0936813, 4312.1333, -0.978175163, -1.53222057e-08, 0.207781896, -3.33316912e-08, 1, -8.31738873e-08, -0.207781896, -8.82843523e-08, -0.978175163)
						SPAWNPOINT = "Pirate"
					elseif MyLevel == 60 or MyLevel <= 74 or _G.SelectMonster == "Desert Bandit" then -- Desert Bandit
						Ms = "Desert Bandit"
						NameQuest = "DesertQuest"
						LevelQuest = 1
						NameMon = "Desert Bandit"
						CFrameQuest = CFrame.new(897.031128, 6.43846416, 4388.97168, -0.804044724, 3.68233266e-08, 0.594568789, 6.97835176e-08, 1, 3.24365246e-08, -0.594568789, 6.75715199e-08, -0.804044724)
						CFrameMon = CFrame.new(932.788818, 6.4503746, 4488.24609, -0.998625934, 3.08948351e-08, 0.0524050146, 2.79967303e-08, 1, -5.60361286e-08, -0.0524050146, -5.44919629e-08, -0.998625934)
						SPAWNPOINT = "Desert"
					elseif MyLevel == 75 or MyLevel <= 89 or _G.SelectMonster == "Desert Officer" then -- Desert Officre
						Ms = "Desert Officer"
						NameQuest = "DesertQuest"
						LevelQuest = 2
						NameMon = "Desert Officer"
						CFrameQuest = CFrame.new(897.031128, 6.43846416, 4388.97168, -0.804044724, 3.68233266e-08, 0.594568789, 6.97835176e-08, 1, 3.24365246e-08, -0.594568789, 6.75715199e-08, -0.804044724)
						CFrameMon = CFrame.new(1580.03198, 4.61375761, 4366.86426, 0.135744005, -6.44280718e-08, -0.990743816, 4.35738308e-08, 1, -5.90598574e-08, 0.990743816, -3.51534837e-08, 0.135744005)
						SPAWNPOINT = "Desert"
					elseif MyLevel == 90 or MyLevel <= 99 or _G.SelectMonster == "Snow Bandit" then -- Snow Bandits
						Ms = "Snow Bandit"
						NameQuest = "SnowQuest"
						LevelQuest = 1
						NameMon = "Snow Bandits"
						CFrameQuest = CFrame.new(1384.14001, 87.272789, -1297.06482, 0.348555952, -2.53947841e-09, -0.937287986, 1.49860568e-08, 1, 2.86358204e-09, 0.937287986, -1.50443711e-08, 0.348555952)
						CFrameMon = CFrame.new(1370.24316, 102.403511, -1411.52905, 0.980274439, -1.12995728e-08, 0.197641045, -9.57343449e-09, 1, 1.04655214e-07, -0.197641045, -1.04482936e-07, 0.980274439)
						SPAWNPOINT = "Ice"
					elseif MyLevel == 100 or MyLevel <= 119 or _G.SelectMonster == "Snowman"  then -- Snowman
						Ms = "Snowman"
						NameQuest = "SnowQuest"
						LevelQuest = 2
						NameMon = "Snowman"
						CFrameQuest = CFrame.new(1384.14001, 87.272789, -1297.06482, 0.348555952, -2.53947841e-09, -0.937287986, 1.49860568e-08, 1, 2.86358204e-09, 0.937287986, -1.50443711e-08, 0.348555952)
						CFrameMon = CFrame.new(1370.24316, 102.403511, -1411.52905, 0.980274439, -1.12995728e-08, 0.197641045, -9.57343449e-09, 1, 1.04655214e-07, -0.197641045, -1.04482936e-07, 0.980274439)
						SPAWNPOINT = "Ice"
					elseif MyLevel == 120 or MyLevel <= 149 or _G.SelectMonster == "Chief Petty Officer" then -- Chief Petty Officer
						Ms = "Chief Petty Officer"
						NameQuest = "MarineQuest2"
						LevelQuest = 1
						NameMon = "Chief Petty Officer"
						CFrameQuest = CFrame.new(-5035.0835, 28.6520386, 4325.29443, 0.0243340395, -7.08064647e-08, 0.999703884, -6.36926814e-08, 1, 7.23777944e-08, -0.999703884, -6.54350671e-08, 0.0243340395)
						CFrameMon = CFrame.new(-4882.8623, 22.6520386, 4255.53516, 0.273695946, -5.40380647e-08, -0.96181643, 4.37720793e-08, 1, -4.37274998e-08, 0.96181643, -3.01326679e-08, 0.273695946)
						SPAWNPOINT = "MarineBase"
					elseif MyLevel == 150 or MyLevel <= 174 or _G.SelectMonster == "Sky Bandit" then -- Sky Bandit
						Ms = "Sky Bandit"
						NameQuest = "SkyQuest"
						LevelQuest = 1
						NameMon = "Sky Bandit"
						CFrameQuest = CFrame.new(-4841.83447, 717.669617, -2623.96436, -0.875942111, 5.59710216e-08, -0.482416272, 3.04023082e-08, 1, 6.08195947e-08, 0.482416272, 3.86078725e-08, -0.875942111)
						CFrameMon = CFrame.new(-4970.74219, 294.544342, -2890.11353, -0.994874597, -8.61311236e-08, -0.101116329, -9.10836206e-08, 1, 4.43614923e-08, 0.101116329, 5.33441664e-08, -0.994874597)
						SPAWNPOINT = "Sky"
					elseif MyLevel == 175 or MyLevel <= 189 or _G.SelectMonster == "Dark Master" then -- Dark Master
						Ms = "Dark Master"
						NameQuest = "SkyQuest"
						LevelQuest = 2
						NameMon = "Dark Master"
						CFrameQuest = CFrame.new(-4841.83447, 717.669617, -2623.96436, -0.875942111, 5.59710216e-08, -0.482416272, 3.04023082e-08, 1, 6.08195947e-08, 0.482416272, 3.86078725e-08, -0.875942111)
						CFrameMon = CFrame.new(-5220.58594, 430.693298, -2278.17456, -0.925375521, 1.12086873e-08, 0.379051805, -1.05115507e-08, 1, -5.52320891e-08, -0.379051805, -5.50948407e-08, -0.925375521)
						SPAWNPOINT = "Sky"
					elseif MyLevel == 190 or MyLevel <= 209 or _G.SelectMonster == "Prisoner" then
						Ms = "Prisoner"
						NameQuest = "PrisonerQuest"
						LevelQuest = 1
						NameMon = "Prisoner"
						CFrameQuest = CFrame.new(5308.93115, 1.65517521, 475.120514, -0.0894274712, -5.00292918e-09, -0.995993316, 1.60817859e-09, 1, -5.16744869e-09, 0.995993316, -2.06384709e-09, -0.0894274712)
						CFrameMon = CFrame.new(5433.39307, 88.678093, 514.986877, 0.879988372, 0, -0.474995494, 0, 1, 0, 0.474995494, 0, 0.879988372)
						SPAWNPOINT = "Prison"
					elseif MyLevel == 210 or MyLevel <= 249 or _G.SelectMonster == "Dangerous Prisoner" then
						Ms = "Dangerous Prisoner"
						NameQuest = "PrisonerQuest"
						LevelQuest = 2
						NameMon = "Dangerous Prisoner"
						CFrameQuest = CFrame.new(5308.93115, 1.65517521, 475.120514, -0.0894274712, -5.00292918e-09, -0.995993316, 1.60817859e-09, 1, -5.16744869e-09, 0.995993316, -2.06384709e-09, -0.0894274712)
						CFrameMon = CFrame.new(5433.39307, 88.678093, 514.986877, 0.879988372, 0, -0.474995494, 0, 1, 0, 0.474995494, 0, 0.879988372)
						SPAWNPOINT = "Prison"
					elseif MyLevel == 250 or MyLevel <= 299 or _G.SelectMonster == "Toga Warrior" then -- Toga Warrior
						Ms = "Toga Warrior"
						NameQuest = "ColosseumQuest"
						LevelQuest = 1
						NameMon = "Toga Warrior"
						CFrameQuest = CFrame.new(-1576.11743, 7.38933945, -2983.30762, 0.576966345, 1.22114863e-09, 0.816767931, -3.58496594e-10, 1, -1.24185606e-09, -0.816767931, 4.2370063e-10, 0.576966345)
						CFrameMon = CFrame.new(-1779.97583, 44.6077499, -2736.35474, 0.984437346, 4.10396339e-08, 0.175734788, -3.62286876e-08, 1, -3.05844168e-08, -0.175734788, 2.3741821e-08, 0.984437346)
						SPAWNPOINT = "Colosseum"
				   elseif MyLevel == 275 or MyLevel <= 299 or _G.SelectMonster == "Gladiator" then -- Gladiato
						Ms = "Gladiator"
						NameQuest = "ColosseumQuest"
						LevelQuest = 2
						NameMon = "Gladiato"
						CFrameQuest = CFrame.new(-1576.11743, 7.38933945, -2983.30762, 0.576966345, 1.22114863e-09, 0.816767931, -3.58496594e-10, 1, -1.24185606e-09, -0.816767931, 4.2370063e-10, 0.576966345)
						CFrameMon = CFrame.new(-1274.75903, 58.1895943, -3188.16309, 0.464524001, 6.21005611e-08, 0.885560572, -4.80449414e-09, 1, -6.76054768e-08, -0.885560572, 2.71497012e-08, 0.464524001)
						SPAWNPOINT = "Colosseum" 
					elseif MyLevel == 300 or MyLevel <= 324 or _G.SelectMonster == "Military Soldier" then -- Military Soldier
						Ms = "Military Soldier"
						NameQuest = "MagmaQuest"
						LevelQuest = 1
						NameMon = "Military Soldier"
						CFrameQuest = CFrame.new(-5316.55859, 12.2370615, 8517.2998, 0.588437557, -1.37880001e-08, -0.808542669, -2.10116209e-08, 1, -3.23446478e-08, 0.808542669, 3.60215964e-08, 0.588437557)
						CFrameMon = CFrame.new(-5363.01123, 41.5056877, 8548.47266, -0.578253984, -3.29503091e-10, 0.815856814, 9.11209668e-08, 1, 6.498761e-08, -0.815856814, 1.11920997e-07, -0.578253984)
						SPAWNPOINT = "Magma"
					elseif MyLevel == 325 or MyLevel <= 374 or _G.SelectMonster == "Military Spy" then -- Military Spy
						Ms = "Military Spy"
						NameQuest = "MagmaQuest"
						LevelQuest = 2
						NameMon = "Military Spy"
						CFrameQuest = CFrame.new(-5316.55859, 12.2370615, 8517.2998, 0.588437557, -1.37880001e-08, -0.808542669, -2.10116209e-08, 1, -3.23446478e-08, 0.808542669, 3.60215964e-08, 0.588437557)
						CFrameMon = CFrame.new(-5787.99023, 120.864456, 8762.25293, -0.188358366, -1.84706277e-08, 0.982100308, -1.23782129e-07, 1, -4.93306951e-09, -0.982100308, -1.22495649e-07, -0.188358366)
						SPAWNPOINT = "Magma"
					elseif MyLevel == 375 or MyLevel <= 399 or _G.SelectMonster == "Fishman Warrior" then -- Fishman Warrior
						Ms = "Fishman Warrior"
						NameQuest = "FishmanQuest"
						LevelQuest = 1
						NameMon = "Fishman Warrior"
						CFrameQuest = CFrame.new(61122.5625, 18.4716396, 1568.16504, 0.893533468, 3.95251609e-09, 0.448996574, -2.34327455e-08, 1, 3.78297464e-08, -0.448996574, -4.43233645e-08, 0.893533468)
						CFrameMon = CFrame.new(60946.6094, 48.6735229, 1525.91687, -0.0817126185, 8.90751153e-08, 0.996655822, 2.00889794e-08, 1, -8.77269599e-08, -0.996655822, 1.28533992e-08, -0.0817126185)
						if _G.Auto_Farm_Level and (CFrameQuest.Position - game.Players.LocalPlayer.Character.HumanoidRootPart.Position).Magnitude > 10000 then
							game:GetService("ReplicatedStorage").Remotes.CommF_:InvokeServer("requestEntrance",Vector3.new(61163.8515625, 11.6796875, 1819.7841796875))
						end
						SPAWNPOINT = "Fountain"
					elseif MyLevel == 400 or MyLevel <= 474 or _G.SelectMonster == "Fishman Commando" then -- Fishman Commando
						Ms = "Fishman Commando"
						NameQuest = "FishmanQuest"
						LevelQuest = 2
						NameMon = "Fishman Commando"
						CFrameQuest = CFrame.new(61122.5625, 18.4716396, 1568.16504, 0.893533468, 3.95251609e-09, 0.448996574, -2.34327455e-08, 1, 3.78297464e-08, -0.448996574, -4.43233645e-08, 0.893533468)
						CFrameMon = CFrame.new(61885.5039, 18.4828243, 1504.17896, 0.577502489, 0, -0.816389024, -0, 1.00000012, -0, 0.816389024, 0, 0.577502489)
						if _G.Auto_Farm_Level and (CFrameQuest.Position - game.Players.LocalPlayer.Character.HumanoidRootPart.Position).Magnitude > 10000 then
							game:GetService("ReplicatedStorage").Remotes.CommF_:InvokeServer("requestEntrance",Vector3.new(61163.8515625, 11.6796875, 1819.7841796875))
						end
						SPAWNPOINT = "Fountain"
					elseif MyLevel == 450 or MyLevel <= 474 or _G.SelectMonster == "God's Guard" then -- God's Guards
						Ms = "God's Guard"
						NameQuest = "SkyExp1Quest"
						LevelQuest = 1
						NameMon = "God's Guards"
						CFrameQuest = CFrame.new(-7860.93555, 5545.61719, -380.700043, 0.406786203, -4.34480496e-09, -0.913523376, -3.57733176e-10, 1, -4.91539254e-09, 0.913523376, 2.32631137e-09, 0.406786203)
						CFrameMon = CFrame.new(-7860.93555, 5545.61719, -380.700043, 0.406786203, -4.34480496e-09, -0.913523376, -3.57733176e-10, 1, -4.91539254e-09, 0.913523376, 2.32631137e-09, 0.406786203)
						if _G.Auto_Farm_Level and (CFrameQuest.Position - game.Players.LocalPlayer.Character.HumanoidRootPart.Position).Magnitude > 10000 then
							game:GetService("ReplicatedStorage").Remotes.CommF_:InvokeServer("requestEntrance",Vector3.new(-4607.82275, 872.54248, -1667.55688))
						end
						SPAWNPOINT = "Sky"
					elseif MyLevel == 475 or MyLevel <= 524 or _G.SelectMonster == "Shanda" then -- Shandas
						Ms = "Shanda"
						NameQuest = "SkyExp1Quest"
						LevelQuest = 2
						NameMon = "Shandas"
						CFrameQuest = CFrame.new(-7860.93555, 5545.61719, -380.700043, 0.406786203, -4.34480496e-09, -0.913523376, -3.57733176e-10, 1, -4.91539254e-09, 0.913523376, 2.32631137e-09, 0.406786203)
						CFrameMon = CFrame.new(-7685.12354, 5601.05127, -443.171509, 0.150056243, 1.79768236e-08, -0.988677442, 6.67798661e-09, 1, 1.91962481e-08, 0.988677442, -9.48289181e-09, 0.150056243)
						if _G.Auto_Farm_Level and (CFrameQuest.Position - game.Players.LocalPlayer.Character.HumanoidRootPart.Position).Magnitude > 10000 then
							game:GetService("ReplicatedStorage").Remotes.CommF_:InvokeServer("requestEntrance",Vector3.new(-7894.6176757813, 5547.1416015625, -380.29119873047))
						end
						SPAWNPOINT = "Sky"
					elseif MyLevel == 525 or MyLevel <= 549 or _G.SelectMonster == "Royal Squad" then -- Royal Squad
						Ms = "Royal Squad"
						NameQuest = "SkyExp2Quest"
						LevelQuest = 1
						NameMon = "Royal Squad"
						CFrameQuest = CFrame.new(-7902.66895, 5635.96387, -1411.71802, 0.0504222959, 2.5710392e-08, 0.998727977, 1.12541557e-07, 1, -3.14249675e-08, -0.998727977, 1.13982921e-07, 0.0504222959)
						CFrameMon = CFrame.new(-7775.55957, 5620.02686, -1361.8988, 0.954580486, 0, -0.297953099, 0, 1, 0, 0.297953099, 0, 0.954580486)
						SPAWNPOINT = "Sky2"
					elseif MyLevel == 550 or MyLevel <= 624 or _G.SelectMonster == "Royal Soldier" then -- Royal Soldier
						Ms = "Royal Soldier"
						NameQuest = "SkyExp2Quest"
						LevelQuest = 2
						NameMon = "Royal Soldier"
						CFrameQuest = CFrame.new(-7902.66895, 5635.96387, -1411.71802, 0.0504222959, 2.5710392e-08, 0.998727977, 1.12541557e-07, 1, -3.14249675e-08, -0.998727977, 1.13982921e-07, 0.0504222959)
						CFrameMon = CFrame.new(-7864.44775, 5661.94092, -1708.22351, 0.998389959, 2.28686137e-09, -0.0567218624, 1.99431383e-09, 1, 7.54200258e-08, 0.0567218624, -7.54117195e-08, 0.998389959)
						SPAWNPOINT = "Sky2"
					elseif MyLevel == 625 or MyLevel <= 649 or _G.SelectMonster == "Galley Pirate" then -- Galley Pirate
						Ms = "Galley Pirate"
						NameQuest = "FountainQuest"
						LevelQuest = 1
						NameMon = "Galley Pirate"
						CFrameQuest = CFrame.new(5254.60156, 38.5011406, 4049.69678, -0.0504891425, -3.62066501e-08, -0.998724639, -9.87921389e-09, 1, -3.57534553e-08, 0.998724639, 8.06145284e-09, -0.0504891425)
						CFrameMon = CFrame.new(5595.06982, 41.5013695, 3961.47095, -0.992138803, -2.11610267e-08, -0.125142589, -1.34249509e-08, 1, -6.26613996e-08, 0.125142589, -6.04887518e-08, -0.992138803)
						SPAWNPOINT = "Fountain"
					elseif MyLevel >= 650 or _G.SelectMonster == "Galley Captain" then -- Galley Captain
						Ms = "Galley Captain"
						NameQuest = "FountainQuest"
						LevelQuest = 2
						NameMon = "Galley Captain"
						CFrameQuest = CFrame.new(5254.60156, 38.5011406, 4049.69678, -0.0504891425, -3.62066501e-08, -0.998724639, -9.87921389e-09, 1, -3.57534553e-08, 0.998724639, 8.06145284e-09, -0.0504891425)
						CFrameMon = CFrame.new(5658.5752, 38.5361786, 4928.93506, -0.996873081, 2.12391046e-06, -0.0790185928, 2.16989656e-06, 1, -4.96097414e-07, 0.0790185928, -6.66008248e-07, -0.996873081)
						SPAWNPOINT = "Fountain"
					end
				elseif World2 then
					if MyLevel == 700 or MyLevel <= 724 or _G.SelectMonster == "Raider" then -- Raider [Lv. 700]
						Ms = "Raider"
						NameQuest = "Area1Quest"
						LevelQuest = 1
						NameMon = "Raider"
						CFrameQuest = CFrame.new(-424.080078, 73.0055847, 1836.91589, 0.253544956, -1.42165932e-08, 0.967323601, -6.00147771e-08, 1, 3.04272909e-08, -0.967323601, -6.5768397e-08, 0.253544956)
						CFrameMon = CFrame.new(-737.026123, 39.1748352, 2392.57959, 0.272128761, 0, -0.962260842, -0, 1, -0, 0.962260842, 0, 0.272128761)
						SPAWNPOINT = "DressTown"
					elseif MyLevel == 725 or MyLevel <= 774 or _G.SelectMonster == "Mercenary" then -- Mercenary [Lv. 725]
						Ms = "Mercenary"
						NameQuest = "Area1Quest"
						LevelQuest = 2
						NameMon = "Mercenary"
						CFrameQuest = CFrame.new(-424.080078, 73.0055847, 1836.91589, 0.253544956, -1.42165932e-08, 0.967323601, -6.00147771e-08, 1, 3.04272909e-08, -0.967323601, -6.5768397e-08, 0.253544956)
						CFrameMon = CFrame.new(-973.731995, 95.8733215, 1836.46936, 0.999135971, 2.02326991e-08, -0.0415605344, -1.90767793e-08, 1, 2.82094952e-08, 0.0415605344, -2.73922804e-08, 0.999135971)
						SPAWNPOINT = "DressTown"
					elseif MyLevel == 775 or MyLevel <= 799 or _G.SelectMonster == "Swan Pirate" then -- Swan Pirate [Lv. 775]
						Ms = "Swan Pirate"
						NameQuest = "Area2Quest"
						LevelQuest = 1
						NameMon = "Swan Pirate"
						CFrameQuest = CFrame.new(632.698608, 73.1055908, 918.666321, -0.0319722369, 8.96074881e-10, -0.999488771, 1.36326533e-10, 1, 8.92172336e-10, 0.999488771, -1.07732087e-10, -0.0319722369)
						CFrameMon = CFrame.new(970.369446, 142.653198, 1217.3667, 0.162079468, -4.85452638e-08, -0.986777723, 1.03357589e-08, 1, -4.74980872e-08, 0.986777723, -2.50063148e-09, 0.162079468)
						SPAWNPOINT = "DressTown"
					elseif MyLevel == 800 or MyLevel <= 874 or _G.SelectMonster == "Factory Staff" then -- Factory Staff [Lv. 800]
						Ms = "Factory Staff"
						NameQuest = "Area2Quest"
						LevelQuest = 2
						NameMon = "Factory Staff"
						CFrameQuest = CFrame.new(632.698608, 73.1055908, 918.666321, -0.0319722369, 8.96074881e-10, -0.999488771, 1.36326533e-10, 1, 8.92172336e-10, 0.999488771, -1.07732087e-10, -0.0319722369)
						CFrameMon = CFrame.new(296.786499, 72.9948196, -57.1298141, -0.876037002, -5.32364979e-08, 0.482243896, -3.87658332e-08, 1, 3.99718729e-08, -0.482243896, 1.63222538e-08, -0.876037002)
						SPAWNPOINT = "DressTown"
					elseif MyLevel == 875 or MyLevel <= 899 or _G.SelectMonster == "Marine Lieutenant" then -- Marine Lieutenant [Lv. 875]
						Ms = "Marine Lieutenant"
						NameQuest = "MarineQuest3"
						LevelQuest = 1
						NameMon = "Marine Lieutenant"
						CFrameQuest = CFrame.new(-2442.65015, 73.0511475, -3219.11523, -0.873540044, 4.2329841e-08, -0.486752301, 5.64383384e-08, 1, -1.43220786e-08, 0.486752301, -3.99823996e-08, -0.873540044)
						CFrameMon = CFrame.new(-2913.26367, 73.0011826, -2971.64282, 0.910507619, 0, 0.413492233, 0, 1.00000012, 0, -0.413492233, 0, 0.910507619)
						SPAWNPOINT = "Greenb"
					elseif MyLevel == 900 or MyLevel <= 949 or _G.SelectMonster == "Marine Captain" then -- Marine Captain [Lv. 900]
						Ms = "Marine Captain"
						NameQuest = "MarineQuest3"
						LevelQuest = 2
						NameMon = "Marine Captain"
						CFrameQuest = CFrame.new(-2442.65015, 73.0511475, -3219.11523, -0.873540044, 4.2329841e-08, -0.486752301, 5.64383384e-08, 1, -1.43220786e-08, 0.486752301, -3.99823996e-08, -0.873540044)
						CFrameMon = CFrame.new(-1868.67688, 73.0011826, -3321.66333, -0.971402287, 1.06502087e-08, 0.237439692, 3.68856199e-08, 1, 1.06050372e-07, -0.237439692, 1.11775684e-07, -0.971402287)
						SPAWNPOINT = "Greenb"
					elseif MyLevel == 950 or MyLevel <= 974 or _G.SelectMonster == "Zombie" then -- Zombie [Lv. 950]
						Ms = "Zombie"
						NameQuest = "ZombieQuest"
						LevelQuest = 1
						NameMon = "Zombie"
						CFrameQuest = CFrame.new(-5492.79395, 48.5151672, -793.710571, 0.321800292, -6.24695815e-08, 0.946807742, 4.05616092e-08, 1, 5.21931227e-08, -0.946807742, 2.16082796e-08, 0.321800292)
						CFrameMon = CFrame.new(-5634.83838, 126.067039, -697.665039, -0.992770672, 6.77618939e-09, 0.120025545, 1.65461245e-08, 1, 8.04023372e-08, -0.120025545, 8.18070234e-08, -0.992770672)
						SPAWNPOINT = "Graveyard"
					elseif MyLevel == 975 or MyLevel <= 999 or _G.SelectMonster == "Vampire" then -- Vampire [Lv. 975]
						Ms = "Vampire"
						NameQuest = "ZombieQuest"
						LevelQuest = 2
						NameMon = "Vampire"
						CFrameQuest = CFrame.new(-5492.79395, 48.5151672, -793.710571, 0.321800292, -6.24695815e-08, 0.946807742, 4.05616092e-08, 1, 5.21931227e-08, -0.946807742, 2.16082796e-08, 0.321800292)
						CFrameMon = CFrame.new(-6030.32031, 6.4377408, -1313.5564, -0.856965423, 3.9138893e-08, -0.515373945, -1.12178942e-08, 1, 9.45958547e-08, 0.515373945, 8.68467822e-08, -0.856965423)
						SPAWNPOINT = "Graveyard"
					elseif MyLevel == 1000 or MyLevel <= 1049 or _G.SelectMonster == "Snow Trooper" then -- Snow Trooper [Lv. 1000] **
						Ms = "Snow Trooper"
						NameQuest = "SnowMountainQuest"
						LevelQuest = 1
						NameMon = "Snow Trooper"
						CFrameQuest = CFrame.new(604.964966, 401.457062, -5371.69287, 0.353063971, 1.89520435e-08, -0.935599446, -5.81846002e-08, 1, -1.70033754e-09, 0.935599446, 5.50377841e-08, 0.353063971)
						CFrameMon = CFrame.new(535.893433, 401.457062, -5329.6958, -0.999524176, 0, 0.0308452044, 0, 1, -0, -0.0308452044, 0, -0.999524176)
						SPAWNPOINT = "Snowy"
					elseif MyLevel == 1050 or MyLevel <= 1099 or _G.SelectMonster == "Winter Warrior" then -- Winter Warrior [Lv. 1050]
						Ms = "Winter Warrior"
						NameQuest = "SnowMountainQuest"
						LevelQuest = 2
						NameMon = "Winter Warrior"
						CFrameQuest = CFrame.new(604.964966, 401.457062, -5371.69287, 0.353063971, 1.89520435e-08, -0.935599446, -5.81846002e-08, 1, -1.70033754e-09, 0.935599446, 5.50377841e-08, 0.353063971)
						CFrameMon = CFrame.new(1223.7417, 454.575226, -5170.02148, 0.473996818, 2.56845354e-08, 0.880526543, -5.62456428e-08, 1, 1.10811016e-09, -0.880526543, -5.00510211e-08, 0.473996818)
						SPAWNPOINT = "Snowy"
					elseif MyLevel == 1100 or MyLevel <= 1124 or _G.SelectMonster == "Lab Subordinate" then -- Lab Subordinate [Lv. 1100]
						Ms = "Lab Subordinate"
						NameQuest = "IceSideQuest"
						LevelQuest = 1
						NameMon = "Lab Subordinate"
						CFrameQuest = CFrame.new(-6060.10693, 15.9868021, -4904.7876, -0.411000341, -5.06538868e-07, 0.91163528, 1.26306062e-07, 1, 6.12581289e-07, -0.91163528, 3.66916197e-07, -0.411000341)
						CFrameMon = CFrame.new(-5769.2041, 37.9288292, -4468.38721, -0.569419742, -2.49055017e-08, 0.822046936, -6.96206541e-08, 1, -1.79282633e-08, -0.822046936, -6.74401548e-08, -0.569419742)
						SPAWNPOINT = "CircleIslandIce"
					elseif MyLevel == 1125 or MyLevel <= 1174 or _G.SelectMonster == "Horned Warrior" then -- Horned Warrior [Lv. 1125]
						Ms = "Horned Warrior"
						NameQuest = "IceSideQuest"
						LevelQuest = 2
						NameMon = "Horned Warrior"
						CFrameQuest = CFrame.new(-6060.10693, 15.9868021, -4904.7876, -0.411000341, -5.06538868e-07, 0.91163528, 1.26306062e-07, 1, 6.12581289e-07, -0.91163528, 3.66916197e-07, -0.411000341)
						CFrameMon = CFrame.new(-6400.85889, 24.7645149, -5818.63574, -0.964845479, 8.65926566e-08, -0.262817472, 3.98261392e-07, 1, -1.13260398e-06, 0.262817472, -1.19745812e-06, -0.964845479)
						SPAWNPOINT = "CircleIslandIce"
					elseif MyLevel == 1175 or MyLevel <= 1199 or _G.SelectMonster == "Magma Ninja" then -- Magma Ninja [Lv. 1175]
						Ms = "Magma Ninja"
						NameQuest = "FireSideQuest"
						LevelQuest = 1
						NameMon = "Magma Ninja"
						CFrameQuest = CFrame.new(-5431.09473, 15.9868021, -5296.53223, 0.831796765, 1.15322464e-07, -0.555080295, -1.10814341e-07, 1, 4.17010995e-08, 0.555080295, 2.68240168e-08, 0.831796765)
						CFrameMon = CFrame.new(-5496.65576, 58.6890411, -5929.76855, -0.885073781, 0, -0.465450764, 0, 1.00000012, -0, 0.465450764, 0, -0.885073781)
						SPAWNPOINT = "CircleIslandFire"
					elseif MyLevel == 1200 or MyLevel <= 1249 or _G.SelectMonster == "Lava Pirate" then -- Lava Pirate [Lv. 1200]
						Ms = "Lava Pirate"
						NameQuest = "FireSideQuest"
						LevelQuest = 2
						NameMon = "Lava Pirate"
						CFrameQuest = CFrame.new(-5431.09473, 15.9868021, -5296.53223, 0.831796765, 1.15322464e-07, -0.555080295, -1.10814341e-07, 1, 4.17010995e-08, 0.555080295, 2.68240168e-08, 0.831796765)
						CFrameMon = CFrame.new(-5169.71729, 34.1234779, -4669.73633, -0.196780294, 0, 0.98044765, 0, 1.00000012, -0, -0.98044765, 0, -0.196780294)
						SPAWNPOINT = "CircleIslandFire"
					elseif MyLevel == 1250 or MyLevel <= 1274 or _G.SelectMonster == "Ship Deckhand" then -- Ship Deckhand [Lv. 1250]
						Ms = "Ship Deckhand"
						NameQuest = "ShipQuest1"
						LevelQuest = 1
						NameMon = "Ship Deckhand"
						CFrameQuest = CFrame.new(1037.80127, 125.092171, 32911.6016, -0.244533166, -0, -0.969640911, -0, 1.00000012, -0, 0.96964103, 0, -0.244533136)
						CFrameMon = CFrame.new(1163.80872, 138.288452, 33058.4258, -0.998580813, 5.49076979e-08, -0.0532564968, 5.57436763e-08, 1, -1.42118655e-08, 0.0532564968, -1.71604082e-08, -0.998580813)
					if _G.Auto_Farm_Level and (CFrameMon.Position - game.Players.LocalPlayer.Character.HumanoidRootPart.Position).Magnitude > 20000 then
						game:GetService("ReplicatedStorage").Remotes.CommF_:InvokeServer("requestEntrance",Vector3.new(923.21252441406, 126.9760055542, 32852.83203125))
					end
						SPAWNPOINT = "Ship"
					elseif MyLevel == 1275 or MyLevel <= 1299 or _G.SelectMonster == "Ship Engineer"  then -- Ship Engineer [Lv. 1275]
						Ms = "Ship Engineer"
						NameQuest = "ShipQuest1"
						LevelQuest = 2
						NameMon = "Ship Engineer"
						CFrameQuest = CFrame.new(1037.80127, 125.092171, 32911.6016, -0.244533166, -0, -0.969640911, -0, 1.00000012, -0, 0.96964103, 0, -0.244533136)
						CFrameMon = CFrame.new(916.666504, 44.0920448, 32917.207, -0.99746871, -4.85034697e-08, -0.0711069331, -4.8925461e-08, 1, 4.19294288e-09, 0.0711069331, 7.66126895e-09, -0.99746871)
					if _G.Auto_Farm_Level and (CFrameMon.Position - game.Players.LocalPlayer.Character.HumanoidRootPart.Position).Magnitude > 20000 then
						game:GetService("ReplicatedStorage").Remotes.CommF_:InvokeServer("requestEntrance",Vector3.new(923.21252441406, 126.9760055542, 32852.83203125))
					end
						SPAWNPOINT = "Ship"
					elseif MyLevel == 1300 or MyLevel <= 1324 or _G.SelectMonster == "Ship Steward" then -- Ship Steward [Lv. 1300]
						Ms = "Ship Steward"
						NameQuest = "ShipQuest2"
						LevelQuest = 1
						NameMon = "Ship Steward"
						CFrameQuest = CFrame.new(968.80957, 125.092171, 33244.125, -0.869560242, 1.51905191e-08, -0.493826836, 1.44108379e-08, 1, 5.38534195e-09, 0.493826836, -2.43357912e-09, -0.869560242)
						CFrameMon = CFrame.new(918.743286, 129.591064, 33443.4609, -0.999792814, -1.7070947e-07, -0.020350717, -1.72559169e-07, 1, 8.91351277e-08, 0.020350717, 9.2628369e-08, -0.999792814)
					if _G.Auto_Farm_Level and (CFrameMon.Position - game.Players.LocalPlayer.Character.HumanoidRootPart.Position).Magnitude > 20000 then
						game:GetService("ReplicatedStorage").Remotes.CommF_:InvokeServer("requestEntrance",Vector3.new(923.21252441406, 126.9760055542, 32852.83203125))
					end
						SPAWNPOINT = "Ship"
					elseif MyLevel == 1325 or MyLevel <= 1349 or _G.SelectMonster == "Ship Officer" then -- Ship Officer [Lv. 1325]
						Ms = "Ship Officer"
						NameQuest = "ShipQuest2"
						LevelQuest = 2
						NameMon = "Ship Officer"
						CFrameQuest = CFrame.new(968.80957, 125.092171, 33244.125, -0.869560242, 1.51905191e-08, -0.493826836, 1.44108379e-08, 1, 5.38534195e-09, 0.493826836, -2.43357912e-09, -0.869560242)
						CFrameMon = CFrame.new(955.384583, 181.120193, 33331.8906, 1, -1.07042253e-09, -3.66113085e-14, 1.07042253e-09, 1, 2.00931161e-09, 3.6609157e-14, -2.00931161e-09, 1)
					if _G.Auto_Farm_Level and (CFrameMon.Position - game.Players.LocalPlayer.Character.HumanoidRootPart.Position).Magnitude > 20000 then
						game:GetService("ReplicatedStorage").Remotes.CommF_:InvokeServer("requestEntrance",Vector3.new(923.21252441406, 126.9760055542, 32852.83203125))
					end
						SPAWNPOINT = "Ship"
					elseif MyLevel == 1350 or MyLevel <= 1374 or _G.SelectMonster == "Arctic Warrior" then -- Arctic Warrior [Lv. 1350]
						Ms = "Arctic Warrior"
						NameQuest = "FrostQuest"
						LevelQuest = 1
						NameMon = "Arctic Warrior"
						CFrameQuest = CFrame.new(5669.43506, 28.2117786, -6482.60107, 0.888092756, 1.02705066e-07, 0.459664226, -6.20391774e-08, 1, -1.03572376e-07, -0.459664226, 6.34646895e-08, 0.888092756)
						CFrameMon = CFrame.new(5995.07471, 57.3188477, -6183.47314, 0.702747107, -1.53454167e-07, -0.711440146, -1.08168464e-07, 1, -3.22542007e-07, 0.711440146, 3.03620908e-07, 0.702747107)
					if _G.Auto_Farm_Level and (CFrameMon.Position - game.Players.LocalPlayer.Character.HumanoidRootPart.Position).Magnitude > 20000 then
						game:GetService("ReplicatedStorage").Remotes.CommF_:InvokeServer("requestEntrance",Vector3.new(-6508.5581054688, 89.034996032715, -132.83953857422))
					end
						SPAWNPOINT = "IceCastle"
					elseif MyLevel == 1375 or MyLevel <= 1424 or _G.SelectMonster == "Snow Lurker" then -- Snow Lurker [Lv. 1375]
						Ms = "Snow Lurker"
						NameQuest = "FrostQuest"
						LevelQuest = 2
						NameMon = "Snow Lurker"
						CFrameQuest = CFrame.new(5669.43506, 28.2117786, -6482.60107, 0.888092756, 1.02705066e-07, 0.459664226, -6.20391774e-08, 1, -1.03572376e-07, -0.459664226, 6.34646895e-08, 0.888092756)
						CFrameMon = CFrame.new(5518.00684, 60.5559731, -6828.80518, -0.650781393, -3.64292951e-08, 0.759265184, -4.07668654e-09, 1, 4.44854642e-08, -0.759265184, 2.58550248e-08, -0.650781393)
						SPAWNPOINT = "IceCastle"
					elseif MyLevel == 1425 or MyLevel <= 1449 or _G.SelectMonster == "Sea Soldier" then -- Sea Soldier [Lv. 1425]
						Ms = "Sea Soldier"
						NameQuest = "ForgottenQuest"
						LevelQuest = 1
						NameMon = "Sea Soldier"
						CFrameQuest = CFrame.new(-3052.99097, 236.881363, -10148.1943, -0.997911751, 4.42321983e-08, 0.064591676, 4.90968759e-08, 1, 7.37270085e-08, -0.064591676, 7.67442998e-08, -0.997911751)
						CFrameMon = CFrame.new(-3029.78467, 66.944252, -9777.38184, -0.998552859, 1.09555076e-08, 0.0537791774, 7.79564235e-09, 1, -5.89660658e-08, -0.0537791774, -5.84614881e-08, -0.998552859)
						SPAWNPOINT = "ForgottenIsland"
					elseif MyLevel >= 1450 or _G.SelectMonster == "Water Fighter" then -- Water Fighter [Lv. 1450]
						Ms = "Water Fighter"
						NameQuest = "ForgottenQuest"
						LevelQuest = 2
						NameMon = "Water Fighter"
						CFrameQuest = CFrame.new(-3052.99097, 236.881363, -10148.1943, -0.997911751, 4.42321983e-08, 0.064591676, 4.90968759e-08, 1, 7.37270085e-08, -0.064591676, 7.67442998e-08, -0.997911751)
						CFrameMon = CFrame.new(-3262.00098, 298.699615, -10553.6943, -0.233570755, -4.57538185e-08, 0.972339869, -5.80986068e-08, 1, 3.30992194e-08, -0.972339869, -4.87605725e-08, -0.233570755)
						SPAWNPOINT = "ForgottenIsland"
					end
				elseif World3 then
					if MyLevel == 1500 or MyLevel <= 1524 or _G.SelectMonster == "Pirate Millionaire" then
						Ms = "Pirate Millionaire"
						NameQuest = "PiratePortQuest"
						LevelQuest = 1
						NameMon = "Pirate Millionaire"
						CFrameQuest = CFrame.new(-290.074677, 42.9034653, 5581.58984, 0.965929627, -0, -0.258804798, 0, 1, -0, 0.258804798, 0, 0.965929627)
						CFrameMon = CFrame.new(81.164993286133, 43.755737304688, 5724.7021484375)
						SPAWNPOINT = "Default"
					elseif MyLevel == 1525 or MyLevel <= 1574 or _G.SelectMonster == "Pistol Billionaire" then
						Ms = "Pistol Billionaire"
						NameQuest = "PiratePortQuest"
						LevelQuest = 2
						NameMon = "Pistol Billionaire"
						CFrameQuest = CFrame.new(-290.074677, 42.9034653, 5581.58984, 0.965929627, -0, -0.258804798, 0, 1, -0, 0.258804798, 0, 0.965929627)
						CFrameMon = CFrame.new(81.164993286133, 43.755737304688, 5724.7021484375)
						SPAWNPOINT = "Default"
					elseif MyLevel == 1575 or MyLevel <= 1599 or _G.SelectMonster == "Dragon Crew Warrior" then
						Ms = "Dragon Crew Warrior"
						NameQuest = "AmazonQuest"
						LevelQuest = 1
						NameMon = "Dragon Crew Warrior"
						CFrameQuest = CFrame.new(5832.83594, 51.6806107, -1101.51563, 0.898790359, -0, -0.438378751, 0, 1, -0, 0.438378751, 0, 0.898790359)
						CFrameMon = CFrame.new(6241.9951171875, 51.522083282471, -1243.9771728516)
						SPAWNPOINT = "Hydra3"
					elseif MyLevel == 1600 or MyLevel <= 1624 or _G.SelectMonster == "Dragon Crew Archer" then
						Ms = "Dragon Crew Archer"
						NameQuest = "AmazonQuest"
